1 mul(929,350) 0
1 mul(878,389) 325150
1 mul(786,950) 666692
1 mul(808,160) 1413392
1 mul(659,500) 1542672
1 mul(659,863) 1872172
1 do() 2440889
1 mul(281,23) 2440889
1 mul(473,263) 2447352
1 mul(208,697) 2571751
1 mul(975,727) 2716727
1 don't() 3425552
1 mul(862,420) 3425552
1 mul(505,346) 3425552
1 mul(150,525) 3425552
1 mul(842,702) 3425552
1 don't() 3425552
1 mul(669,360) 3425552
1 mul(285,288) 3425552
1 mul(778,743) 3425552
1 mul(725,987) 3425552
1 don't() 3425552
1 mul(757,125) 3425552
1 don't() 3425552
1 mul(494,390) 3425552
1 mul(182,852) 3425552
1 mul(144,423) 3425552
1 mul(250,580) 3425552
1 mul(870,438) 3425552
1 mul(965,381) 3425552
1 mul(124,500) 3425552
1 mul(307,602) 3425552
1 mul(294,55) 3425552
1 mul(466,143) 3425552
1 mul(594,617) 3425552
1 mul(590,187) 3425552
1 mul(817,13) 3425552
1 mul(25,13) 3425552
1 do() 3425552
1 mul(469,12) 3425552
1 mul(619,597) 3431180
1 mul(734,721) 3800723
1 mul(725,524) 4329937
1 mul(389,895) 4709837
1 mul(166,39) 5057992
1 mul(655,784) 5064466
1 mul(353,573) 5577986
1 mul(522,78) 5780255
1 mul(236,646) 5820971
1 mul(376,189) 5973427
1 mul(300,957) 6044491
1 mul(83,888) 6331591
1 mul(107,58) 6405295
1 mul(220,142) 6411501
1 mul(526,112) 6442741
1 mul(23,943) 6501653
1 mul(338,718) 6523342
1 mul(371,364) 6766026
1 mul(856,727) 6901070
1 mul(360,371) 7523382
1 mul(664,647) 7656942
1 mul(607,641) 8086550
1 mul(395,603) 8475637
1 mul(909,984) 8713822
1 mul(271,246) 9608278
1 mul(627,532) 9674944
1 mul(229,147) 10008508
1 do() 10042171
1 mul(516,484) 10042171
1 mul(897,791) 10291915
1 mul(975,824) 11001442
1 mul(861,612) 11804842
1 mul(467,971) 12331774
1 mul(351,45) 12785231
1 mul(404,604) 12801026
1 mul(821,895) 13045042
1 mul(108,809) 13779837
1 mul(107,714) 13867209
1 mul(651,179) 13943607
1 mul(421,625) 14060136
1 mul(190,973) 14323261
1 mul(532,234) 14508131
1 mul(178,924) 14632619
1 mul(258,345) 14797091
1 mul(590,995) 14886101
1 mul(563,305) 15473151
1 mul(539,574) 15644866
1 mul(493,590) 15954252
1 mul(574,298) 16245122
1 mul(213,273) 16416174
1 do() 16474323
1 mul(539,428) 16474323
1 mul(289,634) 16705015
1 mul(178,932) 16888241
1 mul(535,222) 17054137
1 mul(370,487) 17172907
1 mul(228,11) 17353097
1 mul(961,125) 17355605
1 mul(489,332) 17475730
1 mul(757,495) 17638078
1 don't() 18012793
1 mul(814,931) 18012793
1 mul(669,252) 18012793
1 mul(69,754) 18012793
1 mul(316,878) 18012793
1 mul(772,418) 18012793
1 mul(186,499) 18012793
1 mul(517,805) 18012793
1 mul(970,867) 18012793
1 mul(739,456) 18012793
1 mul(620,935) 18012793
1 mul(715,502) 18012793
1 mul(635,908) 18012793
1 mul(30,139) 18012793
1 mul(832,717) 18012793
1 mul(518,190) 18012793
1 mul(760,645) 18012793
1 mul(835,464) 18012793
1 mul(929,827) 18012793
1 mul(838,387) 18012793
1 mul(147,945) 18012793
1 mul(689,161) 18012793
1 mul(214,950) 18012793
1 mul(165,90) 18012793
1 mul(996,995) 18012793
1 don't() 18012793
1 mul(347,352) 18012793
2 mul(564,902) 18012793
2 mul(515,489) 18521521
2 mul(676,277) 18773356
2 mul(243,328) 18960608
2 mul(845,930) 19040312
2 mul(696,341) 19826162
2 mul(178,75) 20063498
2 mul(531,586) 20076848
2 mul(639,746) 20388014
2 mul(501,62) 20864708
2 mul(796,439) 20895770
2 do() 21245214
2 mul(766,409) 21245214
2 mul(418,953) 21558508
2 mul(435,11) 21956862
2 mul(756,293) 21961647
2 mul(598,25) 22183155
2 do() 22198105
2 mul(483,67) 22198105
2 mul(116,813) 22230466
2 don't() 22324774
2 mul(807,2) 22324774
2 mul(982,63) 22324774
2 mul(292,746) 22324774
2 mul(20,251) 22324774
2 mul(258,348) 22324774
2 mul(570,47) 22324774
2 mul(932,524) 22324774
2 mul(939,325) 22324774
2 mul(174,638) 22324774
2 mul(180,359) 22324774
2 mul(627,164) 22324774
2 mul(445,389) 22324774
2 mul(115,522) 22324774
2 mul(516,970) 22324774
2 mul(750,179) 22324774
2 mul(393,378) 22324774
2 mul(400,355) 22324774
2 mul(606,611) 22324774
2 mul(628,277) 22324774
2 mul(570,862) 22324774
2 mul(624,957) 22324774
2 mul(946,45) 22324774
2 do() 22324774
2 mul(687,919) 22324774
2 mul(839,726) 22956127
2 mul(588,167) 23565241
2 mul(503,12) 23663437
2 don't() 23669473
2 mul(55,105) 23669473
2 mul(349,994) 23669473
2 mul(991,980) 23669473
2 mul(313,17) 23669473
2 mul(118,53) 23669473
2 mul(276,699) 23669473
2 mul(238,673) 23669473
2 mul(40,718) 23669473
2 mul(393,507) 23669473
2 mul(715,497) 23669473
2 mul(450,459) 23669473
2 mul(570,625) 23669473
2 mul(944,195) 23669473
2 mul(203,571) 23669473
2 mul(469,314) 23669473
2 mul(839,867) 23669473
2 mul(607,678) 23669473
2 do() 23669473
2 mul(733,382) 23669473
2 mul(450,74) 23949479
2 mul(139,672) 23982779
2 mul(466,481) 24076187
2 mul(474,988) 24300333
2 mul(431,193) 24768645
2 mul(587,948) 24851828
2 mul(871,567) 25408304
2 mul(974,456) 25902161
2 mul(292,269) 26346305
2 mul(507,563) 26424853
2 mul(243,139) 26710294
2 mul(212,698) 26744071
2 mul(40,183) 26892047
2 mul(362,950) 26899367
2 mul(618,187) 27243267
2 mul(504,988) 27358833
2 mul(236,898) 27856785
2 mul(285,955) 28068713
2 mul(358,393) 28340888
2 mul(676,462) 28481582
2 mul(274,134) 28793894
2 mul(895,912) 28830610
2 don't() 29646850
2 mul(219,961) 29646850
2 mul(481,864) 29646850
2 mul(392,606) 29646850
2 mul(920,948) 29646850
2 mul(629,795) 29646850
2 mul(645,709) 29646850
2 mul(314,86) 29646850
2 mul(74,407) 29646850
2 mul(593,327) 29646850
2 mul(411,974) 29646850
2 don't() 29646850
2 mul(395,998) 29646850
2 mul(989,530) 29646850
2 mul(15,199) 29646850
2 mul(816,920) 29646850
2 mul(551,278) 29646850
2 don't() 29646850
2 mul(863,732) 29646850
2 mul(223,748) 29646850
2 mul(474,54) 29646850
2 mul(284,25) 29646850
2 do() 29646850
2 mul(374,334) 29646850
2 mul(343,209) 29771766
2 mul(952,521) 29843453
2 mul(264,303) 30339445
2 mul(984,690) 30419437
2 mul(979,762) 31098397
2 mul(387,945) 31844395
2 mul(885,520) 32210110
2 mul(950,716) 32670310
2 don't() 33350510
2 mul(712,945) 33350510
2 mul(83,500) 33350510
2 mul(567,822) 33350510
2 mul(877,379) 33350510
2 mul(503,349) 33350510
3 don't() 33350510
3 mul(961,381) 33350510
3 mul(380,949) 33350510
3 mul(261,613) 33350510
3 mul(967,970) 33350510
3 mul(587,914) 33350510
3 mul(753,127) 33350510
3 mul(292,235) 33350510
3 mul(383,544) 33350510
3 mul(272,707) 33350510
3 mul(735,912) 33350510
3 mul(62,107) 33350510
3 mul(713,534) 33350510
3 mul(572,504) 33350510
3 mul(31,687) 33350510
3 mul(313,607) 33350510
3 mul(690,876) 33350510
3 mul(273,373) 33350510
3 mul(531,235) 33350510
3 mul(111,213) 33350510
3 mul(189,15) 33350510
3 mul(964,850) 33350510
3 do() 33350510
3 mul(434,480) 33350510
3 mul(579,808) 33558830
3 mul(856,871) 34026662
3 mul(900,159) 34772238
3 do() 34915338
3 mul(596,341) 34915338
3 mul(455,990) 35118574
3 mul(497,180) 35569024
3 mul(613,543) 35658484
3 don't() 35991343
3 mul(333,124) 35991343
3 mul(545,512) 35991343
3 mul(561,668) 35991343
3 mul(478,75) 35991343
3 mul(329,992) 35991343
3 mul(241,743) 35991343
3 mul(844,735) 35991343
3 do() 35991343
3 mul(966,882) 35991343
3 mul(987,455) 36843355
3 mul(515,519) 37292440
3 do() 37559725
3 mul(426,523) 37559725
3 mul(460,572) 37782523
3 mul(243,403) 38045643
3 mul(632,748) 38143572
3 mul(17,783) 38616308
3 mul(713,921) 38629619
3 mul(271,938) 39286292
3 mul(511,239) 39540490
3 mul(97,300) 39662619
3 don't() 39691719
3 mul(237,42) 39691719
3 mul(241,881) 39691719
3 mul(907,680) 39691719
3 mul(984,346) 39691719
3 don't() 39691719
3 mul(210,168) 39691719
3 mul(936,602) 39691719
3 do() 39691719
3 mul(818,741) 39691719
3 don't() 40297857
3 mul(545,450) 40297857
3 mul(844,400) 40297857
3 mul(178,299) 40297857
3 mul(47,387) 40297857
3 mul(73,974) 40297857
3 mul(722,711) 40297857
3 mul(662,195) 40297857
3 mul(928,541) 40297857
3 mul(875,585) 40297857
3 mul(699,625) 40297857
3 mul(207,213) 40297857
3 mul(604,342) 40297857
3 mul(620,728) 40297857
3 mul(135,593) 40297857
3 mul(453,733) 40297857
3 mul(645,243) 40297857
3 mul(407,983) 40297857
3 mul(932,718) 40297857
3 mul(88,59) 40297857
3 mul(123,691) 40297857
3 mul(744,809) 40297857
3 mul(213,965) 40297857
3 mul(477,506) 40297857
3 mul(701,848) 40297857
3 mul(165,63) 40297857
3 mul(399,533) 40297857
3 do() 40297857
3 mul(704,3) 40297857
3 mul(694,548) 40299969
3 mul(900,108) 40680281
3 mul(774,475) 40777481
3 mul(883,579) 41145131
3 mul(923,647) 41656388
3 mul(17,805) 42253569
3 mul(326,383) 42267254
3 mul(987,354) 42392112
3 mul(639,894) 42741510
3 mul(960,252) 43312776
3 mul(609,294) 43554696
3 don't() 43733742
3 mul(950,349) 43733742
3 mul(290,391) 43733742
3 mul(109,772) 43733742
3 do() 43733742
3 mul(335,149) 43733742
3 mul(171,887) 43783657
3 mul(807,659) 43935334
3 mul(222,35) 44467147
3 mul(671,994) 44474917
3 do() 45141891
3 mul(172,811) 45141891
3 don't() 45281383
3 mul(76,532) 45281383
3 mul(256,283) 45281383
3 mul(882,66) 45281383
3 do() 45281383
3 mul(727,37) 45281383
3 mul(753,604) 45308282
3 mul(442,703) 45763094
3 mul(451,658) 46073820
3 mul(690,961) 46370578
3 mul(409,762) 47033668
3 mul(785,505) 47345326
3 mul(181,733) 47741751
3 mul(295,726) 47874424
3 do() 48088594
3 mul(261,933) 48088594
3 mul(265,684) 48332107
3 mul(912,21) 48513367
4 mul(453,52) 48532519
4 mul(566,994) 48556075
4 mul(300,902) 49118679
4 mul(136,86) 49389279
4 mul(491,28) 49400975
4 mul(267,97) 49414723
4 mul(901,797) 49440622
4 mul(11,309) 50158719
4 mul(869,48) 50162118
4 mul(342,192) 50203830
4 mul(230,176) 50269494
4 mul(587,59) 50309974
4 mul(979,301) 50344607
4 mul(651,625) 50639286
4 do() 51046161
4 mul(564,586) 51046161
4 mul(686,200) 51376665
4 mul(666,187) 51513865
4 mul(788,793) 51638407
4 mul(787,265) 52263291
4 mul(111,927) 52471846
4 mul(27,304) 52574743
4 mul(176,110) 52582951
4 mul(358,826) 52602311
4 mul(501,531) 52898019
4 mul(365,143) 53164050
4 mul(759,671) 53216245
4 mul(679,332) 53725534
4 mul(817,808) 53950962
4 mul(90,989) 54611098
4 mul(503,769) 54700108
4 mul(859,40) 55086915
4 mul(638,143) 55121275
4 mul(428,646) 55212509
4 mul(320,540) 55488997
4 do() 55661797
4 mul(687,955) 55661797
4 mul(602,820) 56317882
4 mul(662,858) 56811522
4 mul(691,924) 57379518
4 mul(875,629) 58018002
4 mul(338,859) 58568377
4 mul(375,365) 58858719
4 mul(336,223) 58995594
4 mul(178,250) 59070522
4 mul(984,814) 59115022
4 mul(808,237) 59915998
4 mul(194,593) 60107494
4 mul(795,480) 60222536
4 mul(749,71) 60604136
4 mul(934,601) 60657315
4 mul(807,763) 61218649
4 mul(515,591) 61834390
4 mul(499,662) 62138755
4 mul(817,451) 62469093
4 mul(306,889) 62837560
4 mul(911,440) 63109594
4 mul(886,109) 63510434
4 don't() 63607008
4 mul(915,528) 63607008
4 mul(144,716) 63607008
4 mul(376,205) 63607008
4 mul(274,491) 63607008
4 mul(671,696) 63607008
4 mul(375,359) 63607008
4 mul(956,842) 63607008
4 do() 63607008
4 mul(618,693) 63607008
4 mul(761,859) 64035282
4 mul(542,515) 64688981
4 mul(462,546) 64968111
4 mul(660,240) 65220363
4 mul(609,298) 65378763
4 mul(279,293) 65560245
4 mul(392,795) 65641992
4 don't() 65953632
4 mul(128,643) 65953632
4 don't() 65953632
4 mul(930,403) 65953632
4 mul(933,726) 65953632
4 mul(11,788) 65953632
4 mul(442,615) 65953632
4 mul(654,462) 65953632
4 mul(960,246) 65953632
4 mul(111,461) 65953632
4 mul(641,83) 65953632
4 mul(759,794) 65953632
4 mul(543,856) 65953632
4 mul(602,732) 65953632
4 mul(124,738) 65953632
4 mul(378,18) 65953632
4 mul(723,701) 65953632
4 mul(633,998) 65953632
4 mul(833,630) 65953632
4 mul(945,843) 65953632
4 mul(705,202) 65953632
4 mul(616,696) 65953632
4 mul(163,194) 65953632
4 mul(941,303) 65953632
4 mul(924,715) 65953632
4 do() 65953632
4 mul(267,485) 65953632
4 mul(526,75) 66083127
4 mul(248,994) 66122577
4 mul(985,752) 66369089
4 mul(275,971) 67109809
4 mul(592,347) 67376834
4 mul(17,702) 67582258
4 mul(800,427) 67594192
4 mul(939,888) 67935792
4 mul(143,267) 68769624
4 mul(681,583) 68807805
4 mul(656,683) 69204828
4 mul(320,914) 69652876
4 mul(345,44) 69945356
4 mul(720,338) 69960536
4 mul(265,100) 70203896
4 mul(677,183) 70230396
4 mul(525,84) 70354287
4 mul(876,21) 70398387
4 mul(344,65) 70416783
4 don't() 70439143
4 mul(548,676) 70439143
4 mul(833,540) 70439143
4 mul(946,450) 70439143
5 mul(753,627) 70439143
5 do() 70911274
5 mul(361,888) 70911274
5 mul(700,949) 71231842
5 mul(180,872) 71896142
5 mul(882,985) 72053102
5 mul(351,704) 72921872
5 mul(764,860) 73168976
5 mul(993,557) 73826016
5 mul(56,860) 74379117
5 mul(347,909) 74427277
5 mul(699,230) 74742700
5 mul(445,473) 74903470
5 mul(267,398) 75113955
5 mul(650,363) 75220221
5 mul(601,997) 75456171
5 mul(497,753) 76055368
5 mul(141,967) 76429609
5 mul(36,947) 76565956
5 mul(681,450) 76600048
5 mul(240,143) 76906498
5 mul(444,949) 76940818
5 don't() 77362174
5 mul(497,86) 77362174
5 mul(430,567) 77362174
5 mul(193,883) 77362174
5 mul(689,168) 77362174
5 mul(29,977) 77362174
5 mul(205,284) 77362174
5 mul(737,674) 77362174
5 mul(12,767) 77362174
5 mul(532,879) 77362174
5 mul(765,185) 77362174
5 mul(798,105) 77362174
5 mul(332,180) 77362174
5 don't() 77362174
5 mul(392,698) 77362174
5 mul(436,468) 77362174
5 mul(505,995) 77362174
5 mul(890,215) 77362174
5 mul(908,576) 77362174
5 mul(714,969) 77362174
5 mul(60,591) 77362174
5 mul(792,423) 77362174
5 mul(354,440) 77362174
5 mul(713,525) 77362174
5 mul(305,922) 77362174
5 mul(448,877) 77362174
5 mul(751,305) 77362174
5 don't() 77362174
5 mul(179,695) 77362174
5 mul(841,995) 77362174
5 mul(353,537) 77362174
5 mul(501,394) 77362174
5 mul(999,635) 77362174
5 mul(605,217) 77362174
5 mul(936,501) 77362174
5 don't() 77362174
5 mul(246,594) 77362174
5 mul(256,918) 77362174
5 mul(370,832) 77362174
5 mul(925,451) 77362174
5 mul(743,528) 77362174
5 mul(815,611) 77362174
5 mul(893,272) 77362174
5 don't() 77362174
5 mul(687,268) 77362174
5 mul(463,899) 77362174
5 mul(56,377) 77362174
5 mul(260,934) 77362174
5 mul(945,828) 77362174
5 mul(609,15) 77362174
5 mul(287,981) 77362174
5 mul(452,70) 77362174
5 mul(836,664) 77362174
5 mul(47,536) 77362174
5 mul(694,750) 77362174
5 mul(604,542) 77362174
5 mul(632,9) 77362174
5 mul(879,873) 77362174
5 mul(632,382) 77362174
5 mul(747,827) 77362174
5 mul(697,54) 77362174
5 mul(248,435) 77362174
5 mul(258,340) 77362174
5 mul(499,391) 77362174
5 mul(409,16) 77362174
5 mul(787,500) 77362174
5 mul(643,861) 77362174
5 mul(562,129) 77362174
5 mul(577,258) 77362174
5 mul(15,451) 77362174
5 mul(981,70) 77362174
5 mul(722,521) 77362174
5 mul(123,277) 77362174
5 do() 77362174
5 mul(900,548) 77362174
5 mul(148,194) 77855374
5 mul(62,852) 77884086
5 mul(61,450) 77936910
5 mul(131,406) 77964360
5 do() 78017546
5 mul(909,412) 78017546
5 mul(972,130) 78392054
5 mul(222,940) 78518414
5 mul(455,452) 78727094
5 mul(8,457) 78932754
5 mul(965,893) 78936410
5 mul(787,423) 79798155
5 mul(963,475) 80131056
5 mul(81,905) 80588481
5 mul(465,909) 80661786
5 mul(534,596) 81084471
5 mul(196,18) 81402735
5 mul(27,285) 81406263
5 mul(664,943) 81413958
5 mul(813,372) 82040110
5 mul(834,380) 82342546
5 mul(813,509) 82659466
5 mul(545,292) 83073283
5 mul(708,344) 83232423
5 mul(342,781) 83475975
5 mul(117,146) 83743077
5 mul(767,38) 83760159
5 mul(24,562) 83789305
6 mul(218,640) 83802793
6 mul(108,530) 83942313
6 mul(179,490) 83999553
6 mul(33,386) 84087263
6 do() 84100001
6 mul(19,511) 84100001
6 do() 84109710
6 mul(541,350) 84109710
6 mul(387,141) 84299060
6 mul(238,338) 84353627
6 mul(772,919) 84434071
6 do() 85143539
6 mul(429,335) 85143539
6 do() 85287254
6 mul(806,883) 85287254
6 do() 85998952
6 mul(175,190) 85998952
6 mul(682,133) 86032202
6 mul(846,821) 86122908
6 mul(116,347) 86817474
6 mul(924,51) 86857726
6 mul(209,245) 86904850
6 mul(460,178) 86956055
6 do() 87037935
6 mul(517,419) 87037935
6 mul(68,998) 87254558
6 mul(587,990) 87322422
6 mul(765,879) 87903552
6 mul(798,713) 88575987
6 mul(739,10) 89144961
6 mul(131,912) 89152351
6 mul(825,581) 89271823
6 mul(905,252) 89751148
6 don't() 89979208
6 mul(863,782) 89979208
6 mul(631,509) 89979208
6 mul(930,251) 89979208
6 mul(204,65) 89979208
6 mul(231,133) 89979208
6 mul(332,786) 89979208
6 mul(726,913) 89979208
6 mul(484,642) 89979208
6 mul(590,989) 89979208
6 mul(879,143) 89979208
6 don't() 89979208
6 mul(498,143) 89979208
6 mul(347,195) 89979208
6 mul(930,586) 89979208
6 mul(453,205) 89979208
6 mul(75,857) 89979208
6 mul(201,137) 89979208
6 mul(861,373) 89979208
6 mul(410,947) 89979208
6 mul(106,316) 89979208
6 mul(296,671) 89979208
6 mul(481,274) 89979208
6 mul(929,179) 89979208
6 mul(29,898) 89979208
6 mul(580,352) 89979208
6 mul(585,530) 89979208
6 mul(638,910) 89979208
6 don't() 89979208
6 mul(894,636) 89979208
6 mul(577,671) 89979208
6 mul(999,788) 89979208
6 mul(574,638) 89979208
6 mul(66,674) 89979208
6 mul(937,514) 89979208
6 do() 89979208
6 mul(750,907) 89979208
6 mul(303,172) 90659458
6 mul(15,812) 90711574
6 mul(673,466) 90723754
6 mul(623,971) 91037372
6 don't() 91642305
6 mul(7,739) 91642305
6 mul(509,601) 91642305
6 do() 91642305
6 mul(36,79) 91642305
6 mul(199,611) 91645149
6 mul(983,700) 91766738
6 mul(136,594) 92454838
6 mul(34,407) 92535622
6 don't() 92549460
6 mul(71,117) 92549460
6 mul(857,810) 92549460
6 mul(993,232) 92549460
6 mul(103,182) 92549460
6 mul(607,926) 92549460
6 mul(606,36) 92549460
6 mul(756,418) 92549460
6 mul(833,12) 92549460
6 mul(74,614) 92549460
6 mul(120,343) 92549460
6 mul(714,187) 92549460
6 mul(379,724) 92549460
6 mul(5,213) 92549460
6 mul(151,375) 92549460
6 mul(34,537) 92549460
6 mul(289,643) 92549460
6 mul(938,238) 92549460
6 mul(32,613) 92549460
6 mul(415,379) 92549460
6 don't() 92549460
6 mul(272,584) 92549460
6 mul(164,981) 92549460
6 mul(37,177) 92549460
6 mul(527,858) 92549460
6 mul(411,460) 92549460
6 mul(628,434) 92549460
6 mul(912,947) 92549460
6 mul(279,831) 92549460
6 mul(916,868) 92549460
6 mul(834,585) 92549460
6 mul(722,165) 92549460
6 mul(220,639) 92549460
6 mul(738,370) 92549460
6 mul(650,822) 92549460
6 mul(387,845) 92549460
6 mul(921,764) 92549460
6 do() 92549460
6 mul(323,507) 92549460
6 mul(998,500) 92713221
6 mul(543,802) 93212221
6 mul(809,888) 93647707
6 mul(909,660) 94366099
6 do() 94966039
6 mul(303,499) 94966039
6 mul(176,667) 95117236
6 mul(789,667) 95234628
6 mul(181,142) 95760891
Result: 95786593
